200
200
40
40
7200
11805373440.000000
2899246336.000000
1240171008.000000
745961664.000000
589177792.000000
517652768.000000
391205888.000000
318426432.000000
296884096.000000
283874144.000000
231313520.000000
216796400.000000
197252640.000000
193618944.000000
182716272.000000
167195376.000000
150208112.000000
138355888.000000
129701000.000000
113296568.000000
110238552.000000
105703032.000000
100462416.000000
96703368.000000
90113688.000000
84869024.000000
82098072.000000
76655704.000000
73767504.000000
68797912.000000
64446716.000000
62056564.000000
59783132.000000
58890820.000000
55378236.000000
54796764.000000
53622304.000000
50351004.000000
48687736.000000
45632704.000000
44078328.000000
42024304.000000
41295932.000000
39089304.000000
37821808.000000
37610216.000000
36914568.000000
36491068.000000
35021092.000000
33790500.000000
33212538.000000
32584644.000000
32211440.000000
31428996.000000
31025924.000000
29602596.000000
28188346.000000
27652864.000000
27252192.000000
26476992.000000
25576120.000000
25318962.000000
25226288.000000
24630064.000000
24033900.000000
23578414.000000
23217864.000000
22833704.000000
22390672.000000
21713326.000000
21379750.000000
20949526.000000
20889434.000000
20197538.000000
19720188.000000
19652918.000000
18947526.000000
18762976.000000
18462870.000000
18145806.000000
17692898.000000
17497250.000000
17184518.000000
16989718.000000
16715789.000000
16620625.000000
16198515.000000
16024759.000000
15956134.000000
15639025.000000
15407746.000000
15312694.000000
14974020.000000
14617165.000000
14329900.000000
14235129.000000
13894251.000000
13727604.000000
13539547.000000
13302644.000000
13207031.000000
13007560.000000
12899291.000000
12592905.000000
12473219.000000
12384678.000000
12153994.000000
12095070.000000
11808306.000000
11692853.000000
11468501.000000
11308034.000000
11186134.000000
11046682.000000
10972191.000000
10746632.000000
10713168.000000
10581655.000000
10327108.000000
10154693.000000
10073843.000000
10059223.000000
9859863.000000
9647403.000000
9416492.000000
9378828.000000
9234748.000000
9204531.000000
8997749.000000
8930179.000000
8802589.000000
8674457.000000
8528874.000000
8500105.000000
8325192.000000
8264968.500000
8223996.000000
8096864.000000
8088490.500000
8007336.000000
7909246.000000
7796507.500000
7726211.000000
7645439.500000
7577703.500000
7528234.500000
7421734.000000
7408265.500000
7362086.000000
7329899.500000
7236610.000000
7094419.000000
7049676.500000
7044154.000000
6935561.500000
6918011.000000
6818872.000000
6775784.500000
6646892.000000
6618895.000000
6496727.500000
6431506.500000
6386741.000000
6355548.500000
6226089.500000
6169302.500000
6111514.500000
6066096.500000
6041936.000000
5944144.500000
5904404.000000
5856664.000000
5777205.000000
5716130.500000
5672975.000000
5648180.500000
5554048.000000
5544797.000000
5483885.500000
5446916.000000
5433599.000000
5342527.000000
5314813.500000
5278146.000000
5235502.000000
5172810.000000
5159089.000000
5112699.500000
5010844.500000
4998189.000000
4985406.500000
4941841.000000
4901153.000000
4851702.500000
4806556.500000
4758634.500000
4678087.500000
4667402.500000
4642546.000000
4615093.500000
