200
200
18
12
7086
268870.125000
29283.328125
26835.417969
19329.363281
13737.047852
12694.961914
8587.583008
7455.137695
6104.950684
4942.356445
4314.131348
3924.426270
3535.355469
3148.693848
3052.022217
2864.616211
2557.494629
2345.772949
2266.318848
1969.337769
1761.493896
1619.510620
1477.341919
1458.628906
1363.179688
1353.452393
1221.197510
1141.089355
1047.561646
1015.023438
918.629700
910.850464
850.306641
822.773132
796.667908
697.426575
678.354431
658.101563
616.993042
606.442566
580.267883
567.054199
557.638245
522.608582
507.587006
491.755463
471.492157
468.855652
450.729401
426.730377
423.956360
404.861267
383.398712
373.493500
359.865601
352.730194
346.125458
338.023926
322.772583
315.852448
304.290375
297.617462
290.657684
282.512085
271.522186
263.797241
260.151459
255.151016
251.663132
243.455688
229.579407
225.146347
222.532196
215.090454
209.345093
207.743073
197.751785
192.359283
189.457489
188.010956
181.065750
177.777267
171.131348
167.892853
166.049881
161.712112
157.493851
151.412170
149.938644
148.712158
143.609833
139.172958
138.271378
133.328369
130.666855
128.839478
127.261528
124.408882
121.602180
118.724495
116.269691
113.160484
111.039375
110.003181
109.597412
107.157097
104.477814
100.826721
97.954872
97.649872
96.794807
95.148285
92.417587
91.612610
90.713989
87.429283
85.849281
84.669640
83.841881
81.514626
80.628189
79.054916
77.854935
76.768089
75.717644
74.292953
73.855614
72.821457
69.845039
69.680588
68.924599
67.018127
65.612076
64.873299
64.289093
62.668121
61.702988
61.005287
59.278370
59.130013
57.042675
56.623768
55.282280
54.979851
54.403896
53.968277
53.362053
51.514187
51.181293
50.100334
48.818916
48.532757
47.825630
47.240067
46.237064
45.968559
44.808411
44.122574
43.700756
42.779064
42.234497
40.335121
40.251080
40.033943
39.035561
38.545811
38.136864
37.867496
37.020557
35.656433
35.376152
34.672832
34.635223
33.942284
33.367100
33.098434
32.717503
31.521898
31.343250
30.570776
30.232031
29.348761
28.836504
28.100801
27.974209
27.424767
27.222841
26.443651
25.955505
25.578707
25.013655
24.718206
24.602951
24.535505
23.830048
23.695576
22.491766
22.042971
20.918520
20.815310
