200
200
45
11
7086
481764.812500
112108.570313
77271.820313
43535.363281
31438.630859
28283.263672
19244.179688
14902.034180
12560.980469
11088.514648
9371.145508
8499.736328
7720.006836
7390.808105
6985.469727
6699.050293
6152.719727
5269.486816
4941.183105
4794.463379
4747.294434
4503.504883
4439.159668
4021.614990
3826.345947
3688.295654
3604.140625
3271.016846
3183.033203
2905.025391
2868.309326
2677.877686
2600.391357
2488.704102
2445.285156
2277.178711
2151.104004
2131.108398
2047.684204
1962.601563
1921.592651
1800.510132
1752.140137
1665.043457
1651.190308
1538.183716
1483.363403
1446.406372
1372.558838
1329.633789
1312.046265
1288.814575
1259.544312
1236.824707
1199.515015
1166.936890
1137.590820
1105.551270
1094.087891
1060.755249
1051.232788
994.403992
986.724915
963.438965
948.880920
923.513916
903.092957
873.373718
861.232727
844.003296
826.883911
817.512024
804.945801
781.354309
758.878845
734.697021
713.643250
708.914978
690.869934
677.994202
660.480347
643.672302
627.964233
622.466125
611.364807
596.977478
595.461365
579.677551
574.178894
560.371338
543.183167
541.863831
529.098206
520.491089
510.800720
506.033630
499.429382
486.214783
479.662201
472.161591
469.152313
463.357758
453.076416
447.084442
440.898926
436.594086
425.426514
420.929749
410.322540
402.972107
402.201569
396.802063
390.289124
382.678925
379.315857
365.579254
364.735565
359.560303
353.226166
344.940460
342.302643
334.382355
332.462585
325.040710
322.642548
317.807373
313.741791
312.072510
309.799835
307.480682
303.556488
294.837555
292.086609
290.910950
283.882965
280.880676
276.400177
274.569153
269.816895
268.107147
262.991974
260.550293
257.409119
254.597214
251.757401
247.670547
245.317474
241.169052
240.439545
237.222153
234.995026
232.244705
227.368149
225.711853
224.154526
220.303162
215.229080
214.072021
212.701126
208.002472
205.761673
202.450638
201.353241
198.222641
197.561935
195.924942
193.576477
190.248688
188.916611
187.492325
184.018707
180.640274
178.968719
178.220291
177.627350
176.661942
173.433929
172.266129
169.279419
167.733246
164.812225
163.327545
161.102203
160.657639
159.604797
156.222595
155.090607
154.070663
151.612381
150.482697
149.907578
148.574951
146.141357
145.422928
143.742477
143.152420
141.427597
138.698273
137.552765
137.150696
