200
200
18
12
7086
229035.203125
52105.261719
26234.533203
17220.275391
13032.010742
11218.308594
7921.835449
7168.010254
6296.124512
5786.031738
4990.650391
3852.046631
3782.447510
3500.067383
3426.578857
2909.854980
2670.091553
2488.057373
2291.404053
2136.265625
2000.671021
1820.509399
1635.431396
1547.560791
1427.437988
1329.886230
1282.329224
1171.475342
1120.168335
1064.844238
997.383789
941.720093
930.967529
845.467163
800.372620
780.426086
737.006958
714.517090
650.398865
638.785278
624.936401
585.657349
574.865723
537.104736
527.955444
514.290710
506.400696
490.574921
474.060974
444.403473
429.356537
418.262695
401.987793
385.509491
367.625366
362.162445
352.585419
343.015411
340.898407
325.541992
319.956543
316.048340
307.852112
291.728302
281.428619
280.457855
270.258484
257.381531
251.540146
245.665771
240.034958
232.225784
228.184082
221.695816
220.386963
210.959015
206.852371
200.883163
196.635788
193.617508
185.258209
181.765823
176.820435
172.301544
170.655197
167.282684
163.977554
159.053482
155.165955
153.637589
148.972076
145.634659
143.902237
140.076004
138.392319
135.532394
131.580032
128.199570
126.064224
125.227257
120.390015
120.171593
118.217934
112.752884
110.896835
109.960907
105.906235
103.361053
101.394707
101.124290
99.071220
96.926430
96.384598
94.234642
92.699440
92.139389
89.410072
88.087997
86.730911
85.751984
83.946503
82.220787
81.114944
80.064110
78.155449
77.184639
75.582497
73.917229
72.980743
71.517326
70.143311
69.333023
68.245399
67.457382
66.867958
64.173180
63.898350
62.385284
61.497440
60.498165
59.154655
58.102131
57.473774
57.225391
55.905468
54.490448
53.921696
52.889576
51.375019
51.127861
50.794876
50.656818
48.829117
48.087952
47.591068
46.360870
45.758102
45.044384
44.799255
43.298019
43.198120
42.480289
42.070824
41.526623
41.398567
40.223827
39.642807
39.133244
38.433205
37.184483
36.618469
36.395409
36.169853
35.122044
34.062622
33.892578
32.911221
32.606613
32.292351
31.454197
31.222483
30.830364
30.073284
29.467428
29.343367
28.818777
28.032631
27.353264
27.069927
26.226168
25.945026
25.394543
24.819000
24.555780
23.416006
23.352655
22.894697
22.472935
21.590670
20.539429
